278,196,0,4
277,196,-1,4
277,197,-1,5
277,198,-1,6
277,199,-1,7
276,199,-2,7
276,200,-2,8
276,201,-2,9
276,202,-2,10
275,202,-3,10
275,203,-3,11
274,203,-4,7
274,204,-3,8
274,205,-3,8
274,206,-3,8
273,207,-4,8
273,208,-3,9
273,209,-3,9
272,209,-4,8
272,210,-4,8
272,211,-3,9
271,212,-4,9
271,213,-3,10
271,214,-3,10
271,215,-3,10
271,216,-3,10
271,217,-2,10
271,218,-2,10
271,219,-2,10
270,219,-2,10
270,220,-2,10
270,221,-2,10
270,222,-1,10
270,223,-1,10
271,223,0,9
271,224,0,9
272,224,1,8
272,225,1,8
272,226,1,8
273,227,2,8
273,228,3,9
273,229,3,9
274,230,4,9
274,231,4,9
275,231,5,8
275,232,4,9
276,232,5,8
276,233,4,9
277,233,5,8
278,234,6,8
278,235,5,8
279,235,6,7
280,236,7,7
281,237,7,7
282,237,8,6
283,237,8,6
284,237,9,5
285,238,9,6
286,239,10,6
287,239,10,6
288,240,10,6
289,241,11,6
290,242,11,7
291,242,11,6
291,243,10,6
292,243,10,6
293,244,10,7
294,244,10,7
295,245,10,7
296,245,10,6
296,246,9,7
298,247,10,7
299,248,10,7
300,248,10,6
301,249,10,7
302,249,11,6
303,250,11,7
304,251,11,7
304,252,10,8
305,252,10,7
306,253,10,8
307,254,11,8
308,255,10,8
310,256,11,8
311,258,11,10
312,258,11,9
313,259,11,10
313,260,10,10
314,261,10,10
314,262,10,10
314,263,9,11
315,264,9,11
315,265,8,11
315,266,7,11
316,267,6,11
316,268,5,10
316,269,4,11
316,270,3,11
317,270,4,10
317,271,3,10
318,272,4,10
318,273,4,10
318,274,3,10
318,275,3,10
319,276,4,10
320,277,4,10
320,278,4,10
321,279,5,10
321,280,5,10
321,281,4,11
321,282,4,11
321,283,3,11
321,284,3,11
321,285,3,11
322,286,4,11
322,287,3,11
323,288,3,11
323,289,3,11
323,290,2,11
324,291,3,11
324,292,3,11
324,293,3,11
324,294,3,11
324,295,3,11
325,296,4,11
325,297,3,11
325,298,3,11
325,299,2,11
325,300,2,11
325,301,2,11
325,302,1,11
326,303,2,11
326,304,2,11
326,305,2,11
326,306,2,11
326,307,1,11
326,308,1,11
327,308,2,10
328,309,3,10
328,310,3,10
328,311,3,10
328,312,3,10
328,313,2,10
329,314,3,10
329,315,3,10
329,316,3,10
329,317,3,10
329,318,3,10
329,319,2,11
329,320,1,11
329,321,1,11
329,322,1,11
328,322,0,10
328,323,0,10
328,324,-1,10
328,325,-1,10
327,325,-2,9
326,325,-3,8
325,325,-4,7
324,326,-5,7
323,326,-6,6
321,326,-8,5
320,327,-9,5
318,327,-10,5
317,328,-11,5
316,328,-12,4
315,328,-13,3
314,328,-13,3
313,328,-13,3
312,328,-13,3
311,328,-13,2
310,328,-13,2
309,328,-12,2
307,328,-13,1
306,328,-12,1
305,328,-12,0
304,328,-12,0
303,328,-12,0
302,328,-12,0
301,328,-12,0
299,328,-13,0
298,328,-13,0
297,328,-13,0
296,328,-13,0
295,328,-12,0
293,328,-13,0
292,328,-13,0
291,328,-13,0
290,328,-13,0
289,328,-13,0
287,328,-14,0
286,328,-13,0
285,328,-13,0
284,328,-13,0
283,328,-13,0
282,328,-13,0
281,328,-12,0
280,328,-12,0
279,327,-12,-1
278,327,-12,-1
277,326,-12,-2
276,326,-11,-2
275,325,-11,-3
274,325,-11,-3
273,325,-11,-3
272,325,-11,-3
271,324,-11,-4
270,324,-11,-4
270,323,-10,-5
269,322,-10,-5
268,322,-10,-5
266,322,-11,-4
265,321,-11,-5
264,320,-11,-5
263,320,-11,-5
262,320,-11,-5
261,319,-11,-6
260,319,-11,-5
259,318,-11,-6
258,318,-12,-5
257,318,-12,-4
256,318,-12,-4
256,317,-10,-5
255,317,-10,-4
254,317,-10,-3
253,317,-10,-3
253,316,-9,-4
251,316,-10,-3
250,316,-10,-3
249,316,-10,-2
248,315,-10,-3
247,315,-10,-3
246,315,-10,-3
246,314,-10,-3
245,314,-10,-3
244,314,-10,-3
243,314,-10,-3
242,313,-11,-3
241,313,-10,-3
240,312,-10,-4
239,312,-10,-4
238,312,-10,-3
237,312,-10,-3
236,311,-10,-4
235,311,-11,-3
234,311,-11,-3
233,311,-11,-3
232,310,-11,-4
231,310,-11,-3
231,309,-10,-4
230,309,-10,-3
229,309,-10,-3
228,309,-10,-3
228,308,-9,-4
227,308,-9,-3
227,307,-8,-4
226,306,-8,-5
225,306,-8,-5
225,305,-7,-5
224,305,-7,-5
224,303,-7,-6
223,302,-7,-7
222,301,-7,-8
221,300,-7,-9
221,299,-7,-9
221,298,-6,-10
220,298,-7,-9
220,297,-6,-9
219,296,-6,-10
219,295,-6,-10
218,294,-6,-11
217,293,-7,-10
216,293,-7,-9
215,292,-7,-9
215,291,-6,-9
214,290,-7,-9
213,289,-8,-9
212,289,-8,-9
211,288,-9,-9
210,287,-9,-9
209,287,-10,-8
209,286,-9,-8
208,285,-9,-8
208,284,-8,-9
207,283,-8,-9
206,282,-9,-9
206,281,-8,-9
205,280,-8,-9
205,279,-7,-10
205,278,-6,-10
204,277,-6,-10
203,276,-6,-11
202,275,-7,-11
202,274,-6,-11
201,273,-7,-11
201,272,-6,-11
201,271,-5,-11
200,271,-6,-10
200,270,-5,-10
199,270,-6,-9
199,269,-6,-9
199,268,-5,-9
198,267,-5,-9
197,266,-5,-9
197,265,-5,-9
197,264,-4,-9
196,263,-5,-9
196,262,-5,-9
195,261,-5,-10
193,260,-7,-10
192,259,-7,-11
192,258,-7,-11
191,258,-8,-10
190,257,-8,-10
189,257,-8,-9
188,256,-9,-9
187,255,-10,-9
186,255,-10,-8
185,255,-11,-7
184,255,-11,-6
184,254,-9,-6
183,254,-9,-5
182,254,-10,-4
181,253,-10,-5
180,252,-10,-5
179,252,-10,-5
179,251,-9,-5
177,251,-10,-4
176,251,-10,-4
175,251,-10,-4
174,251,-10,-4
174,250,-10,-4
173,250,-10,-4
172,250,-10,-4
172,249,-9,-4
171,249,-9,-3
170,249,-9,-3
170,248,-9,-3
169,248,-8,-3
168,248,-8,-3
167,248,-8,-3
166,248,-8,-3
